width, 1000
height, 1000
dim, 2
point-count, 1000
451.013736, 232.442671
473.589899, 238.720916
419.724721, 242.708062
489.452253, 233.065134
478.886352, 251.432552
485.380115, 233.860925
458.867476, 280.887805
436.280954, 236.526262
458.324863, 259.210581
472.925833, 238.403459
443.114529, 248.516541
430.738011, 280.320935
463.197046, 233.568511
456.681861, 276.316825
466.631105, 242.199838
457.448832, 250.846882
453.640344, 220.252178
459.895162, 280.085582
453.852515, 261.092713
432.199571, 219.860219
462.939933, 251.212988
440.969472, 238.261072
450.686761, 258.123921
471.942390, 241.222254
437.874107, 225.053486
453.134315, 247.047905
467.304364, 258.615579
433.847313, 232.779592
450.300754, 250.146455
436.625316, 243.954163
478.160928, 226.417171
430.957557, 225.505158
455.315652, 185.864709
500.487238, 263.926244
465.017139, 254.791957
464.117400, 214.564617
456.383232, 258.615575
471.371252, 207.305536
431.729819, 241.349897
464.386588, 200.954521
468.958638, 222.611713
437.760388, 242.204438
453.655685, 222.192781
453.494263, 281.496033
463.824361, 247.958019
490.788968, 262.070170
485.719764, 238.857068
497.551608, 247.810846
429.603439, 265.115832
414.954704, 263.881217
451.920892, 203.247868
487.926082, 221.881870
451.792715, 207.402763
482.565896, 238.230952
451.497468, 284.630651
438.492868, 243.429810
473.589271, 216.770579
468.489281, 257.228049
450.660652, 255.743433
467.412515, 245.593433
478.960487, 258.644574
433.636654, 239.035786
467.743320, 223.987404
456.102428, 225.916028
459.233651, 261.283826
475.701286, 243.200589
492.986535, 253.573974
435.496523, 224.380666
475.413148, 215.021386
482.789515, 273.713298
429.316185, 215.184840
464.946928, 249.566340
470.820621, 242.444428
468.707462, 232.488568
459.011056, 262.245049
487.584688, 261.005318
442.949532, 255.028734
478.923738, 244.977882
478.549349, 214.923814
466.641518, 237.744889
439.249588, 278.176296
449.933530, 224.041695
404.664918, 286.538771
473.162815, 266.396655
489.104831, 269.384106
435.814076, 205.644852
483.866131, 270.681179
484.481296, 200.301962
413.064415, 224.953079
457.780891, 223.526744
430.861305, 199.087249
472.454591, 269.417634
448.614371, 202.738146
472.818511, 237.138751
458.527543, 223.854778
466.669942, 254.464189
453.331994, 237.608699
500.446576, 215.613533
455.749780, 254.635032
452.390901, 227.656956
496.846938, 242.209759
466.015511, 245.389339
488.466320, 282.022481
450.853485, 227.208509
488.714256, 249.155891
462.193288, 246.834529
478.155916, 239.841024
449.557314, 272.309615
467.386730, 238.751989
454.968697, 241.374223
485.891135, 234.525348
449.516843, 251.815313
430.441887, 275.409227
478.732670, 244.194611
453.216219, 225.175139
433.240578, 244.592291
444.035769, 245.487079
448.701265, 256.425018
445.976095, 251.014695
442.905112, 217.740415
483.236744, 229.101173
484.652370, 258.639801
464.651192, 236.341405
460.334586, 283.499074
469.408445, 211.599783
441.696960, 254.392522
469.591255, 224.923006
438.448360, 255.078364
465.431239, 249.195844
440.016184, 248.293302
457.405939, 219.598767
493.897203, 246.589280
452.087851, 241.337632
481.891268, 240.576291
450.586695, 241.092700
460.679463, 251.965095
478.663349, 260.870896
425.378182, 267.848198
468.187524, 240.818798
477.853061, 250.756972
459.789009, 263.634813
451.386508, 232.657943
441.228906, 210.994637
453.085723, 240.185282
464.555863, 215.971584
502.957410, 271.730628
459.318483, 255.797126
449.064926, 262.213783
471.151338, 282.491099
443.395427, 244.395519
454.588960, 278.760029
430.890336, 228.179116
501.102385, 259.985493
436.110146, 234.708346
447.883679, 219.992603
474.043507, 226.927330
446.581504, 244.509606
455.647405, 253.993900
489.693120, 243.183876
456.567296, 215.265532
937.074900, 87.316954
876.142388, 111.346964
891.803732, 91.608075
934.914957, 93.324420
912.744039, 83.031783
901.094622, 122.780584
922.449372, 93.522768
895.151379, 115.142256
905.393963, 130.918117
899.491668, 115.775600
889.857409, 106.057896
944.355424, 102.586535
879.251090, 104.607325
913.690432, 111.219015
876.935041, 97.764519
890.887945, 114.596817
947.560020, 117.897535
887.792404, 70.422350
934.765776, 122.202574
885.662957, 84.874402
941.249094, 86.274378
905.185241, 75.768561
895.667245, 125.457827
892.037222, 120.137226
874.475865, 77.467098
929.938227, 142.879317
920.789706, 80.863435
864.783210, 94.814530
875.234446, 122.874522
931.354238, 113.638124
905.241067, 94.201401
918.151419, 112.500637
895.874090, 119.740548
C, 800, 800
915.437830, 115.569051
877.678752, 167.088582
888.718384, 98.572623
906.988334, 102.507589
894.853082, 106.882082
913.800441, 81.465286
927.951177, 141.039783
896.467907, 97.774015
890.982991, 97.731604
908.431039, 98.617819
920.869413, 129.394174
909.377397, 83.407700
899.791035, 111.925566
889.448469, 106.804467
939.242256, 52.511347
922.368008, 59.601195
945.932132, 99.018934
931.120371, 146.291755
930.587643, 136.974374
886.539717, 111.854969
890.041241, 100.000522
926.986698, 102.423180
912.476035, 133.422732
917.743707, 108.254815
918.040220, 105.462250
861.295394, 95.121095
902.213504, 125.462940
920.747118, 111.388742
880.114184, 134.321161
902.372996, 95.400434
887.109975, 83.188155
932.229173, 127.515677
868.090496, 82.327074
908.833778, 88.826849
888.918310, 126.442025
928.588204, 80.674032
876.062226, 75.500266
902.476932, 91.050528
877.249199, 80.678092
926.408006, 118.649608
933.861240, 122.360250
931.549686, 96.089249
914.176439, 116.194243
944.875208, 123.106773
911.270674, 86.416515
910.471185, 119.026537
872.078730, 101.225811
942.630547, 109.648807
925.259275, 75.243246
920.100982, 128.532343
872.996031, 105.024530
894.118214, 94.608463
926.060481, 98.423640
925.636142, 94.076021
897.932126, 100.627718
936.027720, 81.252948
924.071770, 82.963778
906.658963, 129.149255
887.020847, 77.733700
898.628385, 136.039334
925.228796, 133.116656
922.379901, 89.070945
909.833609, 104.324304
901.347596, 128.564917
911.755530, 107.249481
913.498732, 121.873794
917.869943, 54.663452
919.706251, 99.054009
924.449340, 100.583844
904.134449, 110.837475
895.177883, 67.411662
895.584791, 85.085518
917.098596, 127.820991
881.054020, 118.140649
918.577206, 116.862612
924.677117, 119.854549
906.988144, 77.196277
884.179438, 79.454054
938.832193, 127.951932
911.777386, 104.038102
909.900376, 86.504448
887.303712, 79.142578
910.146707, 107.090398
888.093932, 99.712384
905.888172, 67.996445
871.103523, 78.932904
928.786877, 94.385001
912.152520, 83.987058
922.599947, 98.183653
894.933074, 107.204247
871.422425, 137.554257
903.152671, 121.222908
911.048262, 86.591634
924.243912, 86.300975
914.319063, 123.019950
918.673771, 107.668638
928.318153, 119.907069
937.443033, 117.783073
899.931232, 78.431400
919.874703, 63.581263
878.066729, 72.484258
941.873734, 121.335443
882.201917, 96.271712
900.116989, 105.020850
905.278033, 116.854630
907.082394, 130.293129
919.118985, 89.808665
896.007436, 80.941715
869.501079, 129.433688
900.249643, 88.738793
919.303627, 66.305908
901.036690, 103.057871
953.350094, 72.487006
920.469476, 123.367299
894.724616, 83.839872
884.948719, 72.686031
893.466013, 123.784471
920.510489, 104.607658
902.629613, 101.335708
884.553963, 88.559542
941.271997, 82.821358
955.563181, 113.223127
941.281383, 108.064139
900.365368, 91.348004
871.546153, 105.363351
916.920139, 88.616124
941.825682, 144.236149
722.785340, 109.320078
699.741888, 147.055155
726.286876, 101.800554
678.088560, 101.579273
709.801358, 105.877169
680.529632, 118.313546
682.608991, 119.728580
692.192902, 162.959111
725.462567, 147.478374
735.545126, 111.828900
698.321255, 124.577731
708.126242, 114.141066
719.263059, 109.373591
692.756381, 133.955538
713.158075, 111.117494
704.489805, 138.201326
663.660281, 101.573155
702.046467, 136.351837
723.285843, 130.971959
728.302892, 117.073724
695.746621, 94.785264
C, 400, 400
698.099190, 166.331753
694.874513, 123.051610
717.457986, 161.532416
707.967729, 155.525904
688.757287, 126.683423
694.278035, 118.361106
679.969447, 104.424005
708.936167, 115.987035
713.990467, 125.057293
731.007704, 167.257197
723.706371, 106.511136
664.732685, 113.394748
691.898392, 103.022707
716.559984, 117.888960
700.868982, 115.807150
706.342363, 114.909025
698.474227, 114.341260
686.114854, 118.452151
687.948335, 134.579562
716.476530, 105.651615
700.052478, 150.409411
711.942762, 118.581826
676.634197, 128.318001
696.225042, 132.496762
727.769622, 104.735217
698.324455, 159.850601
718.853888, 132.563688
687.384589, 127.707789
698.928435, 141.710989
697.943370, 123.681866
707.433452, 116.897582
718.919620, 113.426723
716.105862, 129.097732
691.566061, 135.915048
695.410314, 127.382412
718.969271, 113.474723
738.691071, 141.306935
687.235374, 146.820697
669.999747, 91.284838
704.317308, 98.511434
709.539607, 129.682721
686.322632, 130.042361
719.230853, 113.061321
723.991320, 132.407965
721.308811, 149.741121
696.164583, 93.700981
680.558809, 107.057756
722.952368, 99.368288
722.153184, 151.459362
723.563213, 138.279286
699.599118, 127.235453
689.592849, 131.456332
706.401213, 108.733064
691.861592, 134.888552
684.229679, 130.109129
710.678819, 146.347877
691.755573, 108.553924
704.463567, 140.688400
707.339369, 145.017359
706.050658, 122.544269
694.728999, 117.327149
677.621002, 106.259940
670.361206, 130.012136
691.141436, 108.708390
719.359941, 116.600356
715.572811, 128.331991
712.963658, 118.258675
684.769274, 139.088671
699.348336, 131.722185
729.211686, 130.960298
717.165756, 144.627610
715.836923, 108.279585
717.149577, 89.162006
684.661893, 126.073710
688.370652, 147.167371
701.403511, 93.548760
706.333404, 141.071116
700.958953, 96.312699
645.817180, 115.369568
703.971589, 126.577327
697.416187, 123.058301
695.278491, 115.507789
705.923783, 133.998690
724.740059, 111.226130
694.808682, 132.948434
718.607367, 119.639078
681.590938, 99.919666
726.874646, 134.947303
720.428622, 82.282935
677.509390, 113.941603
696.765038, 139.602855
728.273005, 90.839104
697.236983, 136.370051
683.998146, 127.680633
733.102155, 131.494994
712.715123, 122.508653
668.900436, 97.868214
682.385149, 121.490281
692.092431, 95.444747
697.879965, 111.444916
701.566114, 126.010333
712.048630, 100.637605
711.140314, 129.092613
685.993101, 123.691732
708.702449, 122.899225
715.131811, 116.060768
687.105401, 105.492892
675.935029, 111.558249
680.967328, 172.951532
707.877171, 131.956925
678.333109, 91.532690
672.129884, 130.817874
717.167874, 124.728927
714.041984, 146.176069
738.052062, 136.383305
720.377978, 115.045474
677.907569, 98.862465
675.118029, 135.023097
685.068604, 143.063094
695.151600, 103.223121
725.609193, 160.056358
685.724432, 138.918656
702.374812, 118.304452
656.488845, 146.299551
701.223745, 147.169985
698.597406, 91.684419
696.841699, 124.231333
654.494782, 111.155006
691.516497, 158.632326
711.469845, 110.195874
715.221055, 127.596887
651.353768, 78.317611
731.152948, 138.198638
669.190776, 127.626165
707.960797, 144.422320
686.727737, 127.755825
692.905023, 105.004725
741.569058, 144.215574
703.302107, 101.992039
977.933777, 531.928148
961.258222, 560.668001
989.355900, 509.674942
975.159399, 505.858275
979.731542, 522.826155
982.708221, 499.761500
955.384622, 504.026832
974.249264, 552.078161
993.614983, 526.868142
947.557227, 529.189598
992.353053, 538.242095
999.179894, 499.097712
963.980251, 502.649562
989.767101, 535.864425
949.661739, 511.009209
967.269792, 518.061647
967.573269, 473.505184
957.333617, 511.169824
978.336165, 480.971433
948.533526, 505.865089
973.299324, 490.734538
962.933653, 531.339015
975.491931, 512.664006
973.170101, 516.519944
960.229277, 516.452041
980.525019, 528.048749
966.698048, 503.542786
976.565022, 509.202548
972.555395, 559.846534
996.972207, 511.847422
980.430809, 497.392511
984.696450, 503.091893
963.570940, 501.683947
947.556201, 527.697176
972.340467, 564.113223
971.443845, 556.366819
984.089566, 509.316263
981.096080, 505.721678
977.619602, 535.663602
950.126048, 584.803875
C, 200, 600
947.930909, 521.349397
956.926734, 495.363574
960.612891, 509.158910
991.749446, 547.734203
960.856499, 554.203619
987.197524, 504.997535
978.227126, 528.730909
958.232639, 501.144773
988.513537, 550.440422
983.007752, 501.910923
973.848848, 560.845409
967.852459, 524.889220
962.317120, 507.439724
986.583984, 508.862835
948.314966, 531.450055
993.444810, 517.875998
994.002496, 501.339742
976.081177, 508.485768
977.203169, 486.226704
996.647720, 498.846905
956.619978, 541.059510
991.673811, 523.296842
958.236632, 520.402795
971.709512, 532.668083
969.057834, 542.361259
975.478486, 527.332144
986.031960, 539.088820
979.335366, 512.268477
981.543127, 505.711002
987.066079, 500.016851
972.871934, 508.595776
953.145876, 553.579748
968.988837, 546.821574
961.957116, 521.151651
999.738439, 535.298801
997.039906, 512.417424
964.031388, 511.195498
973.621929, 494.593942
974.844935, 530.275929
945.580329, 539.435099
960.962829, 506.376727
981.164512, 499.591931
970.543560, 526.880390
970.448339, 570.563401
967.425125, 487.713915
980.039290, 532.908088
956.655407, 504.838040
982.815360, 513.227200
956.206865, 476.219004
955.934444, 527.646019
971.984015, 504.166094
977.646625, 555.480409
979.333117, 506.429708
948.812549, 523.685570
990.039945, 517.157828
990.688376, 513.572868
957.125156, 490.077622
983.221932, 507.451321
986.353313, 512.119464
975.795661, 538.076169
956.168081, 521.151615
998.189725, 508.198939
989.898089, 506.144154
992.436242, 510.635689
996.031134, 522.444203
968.674652, 527.599218
969.712730, 480.015429
950.961116, 499.991940
950.089736, 510.246492
963.281918, 467.825928
977.794836, 538.228881
977.939885, 497.772582
977.455839, 490.970918
980.255207, 518.932190
986.491828, 556.630014
979.772678, 515.389442
970.885030, 527.469521
966.897264, 513.616479
973.058868, 528.223695
991.932635, 519.423242
990.117179, 509.003805
972.609065, 491.852922
977.285422, 508.569343
971.363687, 525.366308
998.745235, 553.597325
985.537163, 508.924950
988.358550, 506.258119
972.118322, 518.903718
982.756895, 519.922088
957.330182, 499.785201
943.216349, 535.628038
955.810046, 529.776823
949.095515, 506.227932
983.424633, 499.573047
546.726777, 169.972484
523.934070, 187.446072
502.118136, 181.060133
546.702055, 177.020435
519.543269, 200.133290
548.711195, 187.878355
538.464409, 227.087599
501.082528, 192.337361
525.478529, 237.586297
526.914232, 162.745862
533.350589, 233.001511
535.756044, 224.773241
512.753948, 196.957352
564.818730, 217.903300
556.530274, 225.368998
541.407144, 170.265080
537.962440, 190.282185
552.687943, 211.259266
554.220575, 182.491166
555.868120, 209.946301
530.240824, 209.182173
551.690646, 161.202431
532.843211, 195.868903
538.403553, 154.497755
505.889908, 182.951624
545.768097, 197.764480
523.285873, 192.485990
502.506143, 213.213466
497.300516, 177.510853
515.724793, 226.022294
537.922875, 194.631800
521.301045, 223.398550
535.542310, 244.692399
546.949147, 212.532082
530.372623, 196.452022
542.318526, 203.717656
532.559632, 191.321229
527.735577, 198.734930
538.057870, 193.504958
519.449238, 199.484220
570.928478, 174.577593
511.285715, 193.215160
537.864235, 197.596525
547.559807, 228.481425
512.527774, 206.499473
534.313514, 230.682109
551.525529, 213.886865
497.908898, 182.482293
515.037346, 228.478495
538.043724, 196.354563
535.949362, 198.447991
527.141256, 207.925539
548.597819, 227.068107
552.900845, 180.969671
555.961408, 213.155031
535.960994, 201.270879
530.811632, 221.121252
571.500776, 195.665208
510.370491, 187.760597
545.534328, 182.037957
527.199986, 199.183540
518.898755, 252.313826
523.907906, 204.428495
527.639519, 189.989287
561.489160, 158.714755
545.052866, 227.555358
515.824514, 226.448152
550.011462, 191.225151
526.909937, 186.158837
518.050114, 220.309108
543.184777, 219.377200
525.726945, 203.030376
540.010743, 248.325821
504.158067, 170.390709
503.362375, 229.649572
531.446644, 191.860031
507.389278, 225.549034
513.912619, 221.350230
509.972701, 226.182150
521.250155, 187.104815
540.372882, 184.984619
523.122491, 195.017145
526.114171, 191.798722
531.391508, 178.692899
537.714067, 179.627840
540.583737, 211.369724
556.424793, 184.405434
576.584295, 193.066064
528.910577, 210.558454
537.387327, 179.259592
529.741262, 192.874210
478.985709, 189.374376
539.764811, 199.702168
517.648299, 188.963596
528.220820, 236.211341
551.184749, 187.821326
542.436577, 198.470738
559.041828, 220.024417
548.717241, 210.040507
523.283637, 225.082443
530.395763, 165.712824
547.106021, 164.928705
578.339564, 185.325467
552.288603, 171.401515
552.342448, 189.045778
561.155187, 168.119050
529.131338, 198.972163
573.490418, 203.150338
544.169750, 201.442230
532.723100, 195.206932
538.319862, 207.352245
500.429802, 216.547033
516.349385, 179.219677
522.989405, 170.334203
540.772100, 228.816927
558.897400, 183.000712
523.462727, 166.498262
544.912142, 185.906546
538.789445, 210.356244
509.974291, 210.909464
554.541310, 214.045589
539.353829, 180.638849
536.777140, 194.698863
574.898529, 203.652222
550.748747, 190.791007
529.140630, 218.825348
506.421465, 245.123696
533.453297, 210.549710
519.502116, 205.367038
539.462307, 203.967250
524.550212, 183.535893
569.348306, 196.589452
528.409487, 211.865728
522.373192, 222.076150
504.492361, 169.215502
542.186768, 202.942371
552.585657, 229.910644
507.076395, 198.053762
555.828499, 220.961178
572.484144, 173.823586
545.378919, 170.312181
C, 200, 1000
481.819970, 203.857619
514.107563, 189.496355
531.404006, 197.210853
560.994274, 248.509515
569.252937, 229.276237
545.994927, 237.047470
542.100587, 195.781038
566.549224, 182.285563
531.178701, 190.928295
543.283625, 160.329969
559.287625, 220.160308
549.638065, 233.267547
521.289322, 192.556251
492.756210, 229.284906
551.926964, 196.203485
559.312267, 192.746678
525.750715, 215.973698
571.401251, 177.004804
522.619480, 197.285986
879.468725, 810.344425
325.622835, 62.058862
164.238136, 645.656438
15.684381, 982.673806
654.488886, 793.446462
625.179643, 332.378056
461.682900, 440.033531
546.839133, 90.712940
259.872704, 844.555568
81.905216, 216.250018
95.311017, 2.008790
758.839354, 303.154601
812.734922, 713.964806
752.240472, 738.025953
806.755728, 476.514966
543.063334, 970.112702
64.575929, 474.880136
35.234356, 254.357262
723.305976, 791.689266
818.182735, 314.028732
494.453720, 865.807325
421.911987, 693.412971
764.204292, 814.386847
64.071825, 439.886956
291.185983, 571.718899
896.393565, 640.076391
724.988654, 213.557827
783.282811, 301.819992
750.681484, 657.781317
880.593766, 448.420971
898.666369, 247.804745
210.052180, 806.266282
129.937424, 236.295644
798.195884, 725.232145
930.451124, 521.486058
943.386245, 394.163862
851.758022, 929.992762
624.982154, 49.993462
498.526114, 993.788398
483.996820, 513.820836
757.331993, 758.208496
821.111128, 840.454733
661.859619, 676.753843
866.545745, 301.672753
85.984832, 619.618872
962.672355, 371.192724
303.084110, 997.848294
143.942248, 111.114001
129.308374, 286.608818
998.777409, 677.106592
805.753955, 853.773001
60.222230, 88.509654
153.987948, 736.325657
442.657451, 925.490014
957.986303, 259.827951
825.925111, 8.815788
275.141794, 268.981168
396.397295, 926.376539
93.833026, 946.871070
150.409240, 462.806809
329.999064, 273.060301
185.463012, 222.417417
568.356709, 920.015037
962.168743, 1.302337
977.195239, 847.809443
516.381592, 177.072887
799.851589, 549.606076
741.002981, 584.997396
0.062037, 263.700484
869.823134, 768.129965
960.020302, 403.492969
27.889166, 901.142995
170.386177, 178.325373
438.299667, 952.638771
74.522586, 169.999385
158.049474, 196.162424
494.488241, 884.109902
458.978678, 330.584672
764.289188, 523.016791
C, 1, 2
744.630106, 881.279117
480.123032, 542.021991
711.266186, 409.942351
824.543593, 591.602591
571.069273, 934.049111
413.238498, 222.983492
694.302722, 962.076673
551.119568, 150.516272
998.437828, 855.111327
702.501222, 462.826536
997.406074, 636.027690
743.302292, 338.113885
780.382458, 14.891508
383.978156, 639.904143
341.820103, 358.151593
975.005829, 709.632273
972.379904, 599.536717
896.699853, 44.920307
95.720134, 506.313976
419.065074, 838.052998
275.735810, 335.633705
819.928668, 968.255016
157.117293, 220.708751
590.108624, 246.853030
924.409800, 348.439643
504.921010, 436.107126
783.094676, 71.726893
982.280446, 158.425540
880.832064, 900.344680
381.957689, 695.378107
266.053955, 506.822710
820.037441, 138.253848
99.782217, 120.956312
332.109499, 80.348243
290.162106, 140.978764
864.258131, 339.302081
798.173174, 176.734956
164.826807, 246.284459
652.110130, 415.290753
287.640408, 456.231624
269.839660, 875.948268
492.855186, 580.989879
560.075736, 837.851644
410.136247, 447.780296
811.444235, 498.048655
810.899562, 98.192352
25.497828, 562.491782
984.691559, 775.688480
956.288426, 732.242718
206.834772, 616.191665
571.518627, 259.241573
197.471615, 446.197685
901.254891, 268.497700
106.952819, 525.296502
431.377999, 73.475814
817.354561, 108.322046
272.991496, 534.127212
185.151297, 154.217112
309.818915, 972.824564
240.798444, 819.366141
943.906693, 53.487828
896.299575, 507.596433
162.318598, 726.375748
65.143421, 39.758426
359.751760, 748.173303
633.122128, 443.288752
478.826346, 342.105383
556.210988, 603.995154
532.277989, 477.763223
803.555210, 889.330093
323.328420, 684.636263
654.522079, 56.220288
688.496879, 829.441428
115.307268, 986.427886
414.681275, 743.983273
207.802389, 597.586460
625.904465, 498.463495
979.256371, 14.001749
873.214861, 827.373225
0.344657, 125.491710
973.995837, 51.181230
263.674360, 218.500379
856.563919, 34.498240
631.610685, 268.374577
733.365535, 255.656655
118.605932, 357.113383
380.592846, 108.627187
528.669597, 980.325653
924.102062, 304.942550
302.395830, 308.648670
394.227054, 780.627693
90.584884, 279.761444
65.737529, 303.495048
858.747371, 302.566070
127.343463, 356.238479
880.838991, 757.268880
651.795346, 195.055554
329.284299, 964.500277
923.087995, 292.929728
243.705130, 662.055220
536.808181, 857.022047
880.804771, 429.184245
197.916606, 248.863545
828.948769, 614.316000
269.867923, 539.679721
886.845777, 6.244731
713.652827, 817.780864
842.820486, 873.188114
59.513294, 45.333055
15.769503, 481.899862
377.669176, 893.170031
787.720496, 765.616915
814.231703, 762.728545
328.614879, 300.161321
309.443287, 822.510307
922.770622, 914.895716
904.848200, 174.775569
110.053710, 314.543974
875.120105, 461.304688
55.007127, 77.856179
774.380483, 435.565829
49.870218, 543.601671
610.321805, 457.549303
562.177303, 592.074902
486.080801, 361.279657
61.917044, 149.250512
441.214102, 649.434151
458.843657, 713.076816
819.893211, 229.781087
742.482230, 673.775595
826.659409, 900.167789
370.664513, 917.420922
925.716886, 44.550564
757.183101, 702.366026
572.138453, 536.297091
344.138908, 915.765184
C, 34, 987
796.336068, 122.991123
192.418384, 85.777369
240.705675, 897.363706
997.066615, 481.073995
936.645167, 653.738088
283.157290, 740.917266
868.499730, 711.423035
364.239596, 920.980484
544.699810, 417.763248
46.982565, 61.281499
446.513880, 537.703781
