width,1000
height,1000
dim,2
point-count,1000
C,498.173,803.803
382.473,68.4268
360.45,87.4807
402.505,78.8052
388.568,83.1855
397.835,80.554
384.812,78.9422
374.701,88.7397
399.49,90.4782
396.317,97.8559
382.949,98.2
357.497,97.1171
371.947,91.2275
377.523,98.9066
384.561,104.282
382.689,97.2494
396.479,81.7133
388.935,79.0852
380.645,97.5769
379.565,91.8813
388.288,96.0349
394.458,81.0915
382.54,98.4827
391.602,76.9321
399.118,105.39
383.767,82.4922
369.226,88.2907
383.313,103.59
383.137,99.3046
386.864,81.1704
385.905,91.2965
411.04,79.7855
383.627,82.0272
406.336,84.1225
387.723,95.5053
385.046,88.2777
396.345,77.3812
392.605,86.3305
372.727,90.9715
404.24,84.8752
394.486,75.854
386.638,65.1399
389.673,82.9623
379.559,101.88
385.843,101.959
407.484,73.593
367.684,80.2321
395.16,103.188
383.965,80.6708
385.289,95.0269
386.697,88.7733
389.809,83.9328
393.266,92.1822
399.972,86.3293
370.133,88.9769
392.741,84.0042
394.341,66.6967
398.024,77.0768
384.396,100.342
391.615,80.4681
380.89,90.1622
388.477,80.7856
384.789,90.559
396.059,82.3233
385.133,83.2989
393.395,94.9179
385.655,86.1871
386.928,85.4345
391.3,106.361
391.034,77.686
400.535,80.0097
375.171,88.9633
387.191,99.7558
392.652,95.9174
398.196,84.4986
387.533,85.2957
379.649,102.209
389.963,94.5899
388.317,99.419
384.451,89.5299
401.661,92.8618
382.698,74.7123
393.137,89.6034
389.033,88.6949
398.741,95.5535
393.11,95.8388
396.752,82.1315
402.716,101.317
390.47,94.681
389.303,75.4141
397.544,86.3729
393.019,93.2413
381.505,90.73
359.219,94.0999
383.48,78.0143
386.268,95.6047
389.374,84.2684
383.617,90.7342
389.798,82.7185
379.511,79.7464
400.233,79.2562
388.41,75.8458
367.088,95.7508
397.802,85.3372
389.734,92.6838
391.691,92.8003
396.072,81.3051
377.275,88.9202
375.2,81.0017
386.954,95.6752
392.767,92.9009
395.696,85.0799
382.125,85.4316
385.115,77.3475
394.828,90.709
401.438,70.7863
385.522,76.2311
378.498,81.4367
365.33,99.309
375.483,82.24
380.342,87.1624
374.465,78.091
386.404,68.8626
377.219,86.5339
378.86,94.8674
392.094,95.349
385.481,76.2583
376.215,82.8458
384.515,81.1392
374.836,80.7332
375.85,86.4958
386.134,74.086
364.695,76.2363
388.866,93.3956
394.706,91.9207
374.917,82.23
380.697,92.0231
383.619,96.2677
375.229,98.3672
407.278,92.367
397.485,91.3652
383.1,86.2653
390.256,84.4837
392.325,89.3114
388.617,87.4327
400.393,68.8762
383.889,87.4965
384.042,88.1744
387.997,99.2026
392.289,90.4886
388.778,71.2354
389.853,99.9466
377.906,93.4446
394.491,90.7663
382.997,98.8183
399.929,94.5521
386.812,106.414
402.256,76.853
384.685,89.9299
383.45,88.0577
394.906,84.002
953.284,293.237
963.63,288.248
981.093,287.39
967.545,301.1
966.702,290.19
961.552,292.948
976.044,263.567
974.798,288.907
979.936,295.049
981.432,297.503
966.551,293.754
960.907,275.242
975.011,302.926
956.871,302.989
970.405,292.915
964.193,279.761
961.372,290.498
976.434,307.261
980.383,278.631
983.727,290.993
972.478,281.367
964.325,297.535
976.346,296.724
963.771,303.126
975.805,284.563
966.1,296.995
970.309,298.796
980.133,292.204
955.869,272.146
967.492,285.763
977.764,306.83
977.63,298.348
970.155,283.778
972.387,302.998
953.488,295.733
964.304,281.202
965.746,294.754
945.13,293.955
973.478,295.611
962.23,291.221
980.108,295.052
970.66,291.083
972.511,279.947
991.173,289.278
969.265,302.575
977.363,283.097
983.699,302.005
975.793,292.211
979.807,293.501
982.898,308.018
970.309,296.112
971.231,296.758
972.303,304.927
970.354,291.864
964.81,287.029
968.498,306.503
974.238,297.522
987.199,289.64
962.286,294.421
956.65,295.824
975.117,270.7
974.348,309.122
972.32,292.938
974.359,306.863
971.862,314.013
981.03,289.851
968.595,313.087
966.143,279.621
969.179,287.282
976.998,295.588
971.121,289.164
981.427,285.315
967.658,295.542
957.529,300.026
971.211,279.211
981.308,304.086
956.224,281.331
963.559,294.271
983.583,281.032
971.742,280.835
972.981,295.705
980.18,303.074
987.219,307.666
961.767,282.96
975.872,296.015
992.269,291.117
976.627,296.236
980.336,302.684
976.041,311.139
957.026,293.98
992.384,287.702
985.592,291.968
991.613,291.985
969.417,287.57
974.662,304.963
950.459,286.231
965.481,298.124
954.72,307.019
960.65,280.57
985.573,282.444
964.991,307.441
977.983,287.383
970.185,286.333
956.891,284.736
980.679,290.401
974.955,299.139
955.059,285.825
965.12,294.712
971.03,296.844
974.659,291.114
958.331,306.492
945.609,285.836
990.38,298.327
977.124,302.047
975.25,272.207
969.16,305.462
987.45,315.197
965.996,296.392
994.113,305.229
960.049,279.078
977.941,299.419
977.658,284.817
977.115,303.158
979.975,303.781
985.407,286.465
965.79,304.424
961.34,285.054
972.95,295.568
972.017,287.631
980.319,290.683
965.511,300.209
971.355,287.533
977.044,313.93
966.111,300.7
984.662,290.07
982.426,289.279
959.076,294.432
979.377,293.92
970.827,278.852
962.161,287.99
971.184,268.731
969.619,283.363
960.472,293.553
973.959,287.495
972.761,306.792
963.801,286.134
974.138,295.701
987.385,276.663
968.223,284.977
957.951,294.165
976.085,312.329
991.492,296.432
968.691,299.621
951.531,303.518
957.228,298.801
968.596,293.882
961.181,284.446
973.211,287.378
972.818,302.456
970.041,295.185
243.248,953.302
271.71,961.551
276.512,936.851
276.49,962.418
277.294,974.141
257.322,952.177
259.148,948.47
258.917,960.766
272.774,980.747
288.036,956.818
281.179,958.289
262.159,941.773
250.61,956.312
252.107,961.508
277.111,958.282
270.652,946.8
282.646,939.534
281.78,942.549
260.978,940.419
268.614,938.721
272.939,954.288
264.127,964.08
263.352,962.034
277.604,964.531
267.531,956.727
259.486,942.205
273.261,957.138
258.854,965.943
267.382,937.06
277.133,961.06
272.14,955.496
268.929,952.959
265.901,953.952
289.266,945.668
262.195,957.399
281.711,936.402
278.787,938.835
259.491,956.82
259.272,958.995
282.578,965.198
260.938,935.361
284.007,965.573
284.339,958.834
274.783,960.951
280.567,954.438
263.47,943.448
276.525,957.429
270.22,947.338
262.979,948.471
280.531,974.089
281.685,958.763
270.745,945.771
257.017,933.712
266.892,950.492
269.428,940.443
263.64,961.717
257.822,955.992
268.118,940.667
282.829,945.002
306.047,956.271
268.434,945.24
286.766,950.823
281.017,958.136
263.315,956.376
274.684,959.239
266.356,957.387
286.256,951.416
281.972,963.17
280.085,947.805
269.099,954.341
280.998,957.615
294.066,945.375
268.285,964.126
273.883,958.267
273.135,957.593
273.703,938.788
266.576,945.647
260.198,954.927
285.702,948.196
286.928,929.514
271.442,954.038
274.917,963.736
274.309,961.634
280.979,970.111
279.829,962.812
266.607,948.204
266.927,957.974
265.416,948.81
264.294,959.102
282.36,958.85
272.252,960.114
274.391,920.205
252.063,943.146
266.466,963.589
258.072,941.824
268.082,943.902
276.859,943.452
280.228,948.69
279.635,959.93
283.413,936.731
272.212,951.201
241.112,961.156
260.275,957.054
265.797,942.927
275.397,947.723
274.685,942.922
261.891,936.827
270.717,945.43
252.175,949.017
256.57,946.914
282.981,948.958
263.134,963.736
287.57,945.538
282.17,951.78
252.566,949.086
278.007,954.885
272.115,976.321
276.597,968.515
261.175,961.822
271.99,953.355
273.628,960.064
274.982,951.398
262.709,936.801
258.738,951.319
269.632,945.154
264.998,938.252
279.637,952.033
267.395,945.016
269.373,957.355
270.465,958.839
254.26,965.484
262.397,959.553
250.399,959.2
250.958,965.333
287.49,958.533
266.436,968.642
264.721,936.957
271.426,950.239
278.08,946.222
274.279,934.162
267.73,952.312
261.322,938.356
276.125,951.254
260.696,940.121
278.123,970.443
274.722,941.244
264.965,958.764
269.882,951.749
281.629,962.917
278.014,937.069
263.016,952.852
277.074,939.912
270.556,941.443
266.576,936.446
260.566,944.764
265.329,949.281
260.932,952.582
278.831,944.777
274.188,970.431
269.2,939.664
354.65,674.669
347.412,668.899
348.243,675.856
351.796,671.282
351.487,665.645
363.759,659.348
345.104,669.668
346.907,655.777
354.749,663.52
365.651,672.564
345.891,686.559
352.067,676.312
344.144,673.126
357.953,671.074
344.062,668.294
335.39,679.324
348.744,668.903
362.966,673.218
325.651,672.851
355.005,681.787
354.231,674.701
347.824,662.583
345.395,656.281
366.896,678.288
337.671,667.27
347.548,680.554
351.331,679.366
348.37,691.763
352.838,674.53
358.177,672.119
354.082,690.625
364.487,655.303
353.436,653.804
350.355,684.221
351.027,668.493
361.968,682.512
345.467,663.447
351.736,662.925
340.113,650.019
333.436,664.255
341.277,670.382
351.175,702.962
353.588,695.519
350.014,661.209
357.511,698.359
345.866,681.013
340.834,678.481
358.605,672.372
349.19,663.413
345.286,681.846
368.78,679.585
353.963,666.793
367.535,672.32
358.744,681.476
357.751,664.105
336.51,694.49
338.411,652.398
354.872,673.76
357.767,655.549
351.529,676.402
372.09,673.118
348.253,667.756
353.145,667.588
355.113,677.151
363.025,666.713
348.036,670.476
356.995,671.023
362.751,669.209
339.143,677.857
336.051,674.919
367.641,675.416
351.023,672.612
341.512,670.734
346.863,660.331
345.541,666.352
359.448,664.115
346.769,677.026
329.609,670.097
343.748,687.525
362.743,673.552
346.425,677.312
358.754,659.64
356.743,646.533
354.169,669.524
360.345,668.4
351.657,675.009
345.7,667.1
361.553,673.477
332.864,672.869
353.207,661.714
345.556,694.077
359.652,650.315
337.355,662.153
347.905,660.924
362.735,670.835
357.102,690.885
362.103,668.282
347.388,652.173
353.603,669.584
353.286,652.864
352.082,659.571
349.192,646.604
357.908,665.976
361.617,677.831
358.797,668.279
350.68,669.862
349.472,666.464
361.003,660.909
335.63,664.49
326.939,655.392
362.163,664.507
356.691,676.817
360.275,670.803
353.381,684.27
333.155,667.59
351.244,670.014
356.285,665.592
320.681,677.973
366.276,684.614
359.227,679.059
335.864,661.536
356.742,667.2
352.001,657.022
351.198,667.493
347.847,670.319
373.204,664.844
352.87,672.907
351.064,662.417
344.449,683.871
347.931,650.802
344.256,653.743
358.484,675.276
348.531,662.779
334.372,668.333
338.474,663.734
354.124,676.818
346.455,670.594
353.393,672.041
355.287,689.504
358.009,686.034
354.095,654.767
357.27,659.388
372.443,677.189
371.952,666.944
346.21,657.929
368.102,683.328
364.209,658.782
329.195,667.923
353.447,679.92
358.222,664.064
332.389,687.9
358.304,666.675
352.63,665.156
350.713,679.559
356.415,655.284
352.344,669.306
359.071,682.237
348.093,686.778
359.485,659.946
342.72,659.528
513.69,829.919
489.28,816.354
495.83,822.843
493.26,825.044
506.317,841.502
507.728,832.192
497.148,814.041
505.594,815.209
503.584,825.913
512.294,833.411
498.104,825.859
489.915,826.181
495.173,810.325
490.724,816.942
495.124,823.417
498.004,822.722
518.14,800.721
498.311,829.913
492.732,824.087
510.897,825.817
508.473,812.488
494.722,826.075
496.562,822.195
504.561,832.092
523.232,809.681
483.746,806.628
513.913,830.575
501.724,814.004
525.86,820.589
504.922,840.712
505.051,813.728
496.23,821.311
482.269,822.322
498.078,805.559
505.359,806.611
499.833,817.058
500.313,817.62
491.524,817.871
489.997,817.871
497.628,817.289
505.184,812.156
500.937,821.332
502.444,826.824
509.123,828.567
506.121,811.054
492.766,824.521
495.367,818.302
481.268,821.96
495.129,843.327
500.784,842.224
489.612,839.791
518.099,834.056
493.591,819.095
499.016,805.121
527.189,821.843
508.905,824.426
497.575,815.8
506.252,816.747
511.427,813.21
514.79,826.642
487.887,811.64
499.813,831.2
487.864,831.942
487.837,820.192
505.546,826.942
482.596,847.831
503.627,842.218
512.926,818.211
492.061,807.152
506.27,815.23
500.726,828.486
506.003,831.602
498.447,802.693
524.26,830.966
512.49,837.275
489.958,837.757
505.208,833.397
483.737,833.091
500.672,816.7
517.036,834.563
515.87,808.597
494.409,827.509
494.765,825.167
489.078,814.675
501.893,812.801
508.911,827.284
500.461,817.742
492.914,827.518
477.13,814.722
507.897,823.149
506.59,828.184
514.556,816.361
518.667,826.613
514.385,823.765
509.276,830.573
498.884,831.9
508.45,811.509
503.138,822.185
475.878,823.575
500.893,824.512
505.551,817.957
485.759,826.058
492.07,824.208
496.547,825.864
489.652,816.253
487.899,797.147
493.91,826.804
485.151,811.277
501.5,807.156
492.276,831.956
488.409,812.111
496.92,821.332
493.077,832.857
518.586,813.698
506.41,817.901
498.173,803.803
484.806,818.741
511.565,827.029
489.049,842.598
485.692,813.099
502.639,817.842
507.428,824.013
512.938,824.826
502.152,829.598
500.423,820.939
500.807,822.285
500.996,826.277
513.787,825.397
489.927,809.911
475.025,813.6
482.82,810.35
519.129,811.838
482.405,810.154
497.658,817.88
502.596,815.184
509.08,818.67
500.152,825.132
494.121,834.074
476.186,821.494
501.092,825.41
492.235,819.033
496.434,823.328
509.577,808.008
499.531,828.624
499.545,824.568
496.52,802.477
520.715,809.524
483.033,818.798
500.866,807.708
489.339,802.691
507.564,833.116
499.608,834.067
487.872,825.519
494.754,826.664
513.781,823.344
499.101,829.147
497.679,839.052
502.79,827.654
506.624,824.869
501.706,794.522
991.208,702.27
124.508,943.463
998.216,131.985
541.121,974.16
537.475,739.527
987.66,73.5406
551.134,562.661
142.548,684.974
899.988,643.281
81.5025,330.151
821.005,634.787
647.387,868.534
153.408,968.307
288.377,408.124
974.548,157.668
385.422,561.784
401.461,679.842
859.483,653.138
449.249,682.759
897.736,64.2923
614.091,727.008
557.9,587.981
183.068,265.357
949.561,986.561
549.679,212.976
689.805,824.819
139.263,16.6936
578.495,317.127
253.773,647.014
978.827,740.987
993.637,878.589
370.728,700.34
800.041,722.967
891.059,140.109
532.814,851.613
381.419,220.624
203.825,386.577
144.884,528.229
351.203,86.6632
697.165,367.135
985.812,495.427
57.7254,984.761
676.327,652.303
689.415,590.903
690.384,698.045
524.25,986.102
212.352,554.419
890.728,622.235
650.481,896.605
479.215,328.14
9.06655,353.307
417.032,450.181
823.59,639.478
866.955,541.775
886.071,349.631
538.35,605.177
640.085,530.958
974.529,83.2764
693.801,337.253
743.686,252.861
551.267,480.162
609.573,881.203
850.305,773.122
444.729,672.736
361.801,496.447
600.912,453.882
194.097,270.436
320.055,952.388
301.641,267.32
382.62,10.9625
571.924,890.988
173.735,983.594
796.621,260.585
487.114,26.796
758.57,784.523
862.268,291.669
189.61,717.302
640.64,57.417
599.272,853.442
554.785,825.736
516.001,844.006
449.364,535.346
528.05,970.887
106.668,936.249
838.158,467.614
624.944,242.462
787.93,389.959
745.275,82.089
647,715.171
246.681,647.622
215.239,246.456
976.142,500.664
533.635,694.205
279.397,937.531
711.635,230.489
340.06,399.545
291.292,676.345
640.34,904.192
460.84,528.895
539.967,45.5379
956.397,255.884
352.952,884.117
949.299,898.836
613.823,286.077
229.747,190.161
612.622,403.36
382.581,46.9346
970.381,935.165
329.129,508.304
330.9,571.126
581.964,374.764
978.372,697.431
207.665,645.537
909.441,734.434
284.851,320.352
820.65,215.472
461.956,92.5397
632.426,221.951
523.944,827.403
785.214,966.719
903.049,16.7783
661.069,650.676
767.325,50.1135
796.817,859.115
708.483,981.858
466.883,69.9656
630.46,725.703
472.344,305.389
701.501,587.389
372.016,265.108
495.545,546.497
827.982,222.174
787.528,847.253
766.039,497.941
549.147,190.069
14.2035,517.281
101.385,400.087
701.648,504.393
321.867,502.673
235.215,263.615
432.614,612.023
834.807,440.085
504.627,706.471
702.651,776.209
400.582,657.139
355.958,705.509
53.9552,435.237
510.674,166.473
989.585,438.996
426.278,29.6925
721.133,20.2301
395.19,782.23
82.6908,988.132
610.11,665.588
147.522,789.341
746.838,715.466
197.089,925.086
229.741,734.773
993.529,44.7193
648.916,400.601
170.895,711.496
904.565,968.829
107.577,556.635
708.389,659.564
376.135,376.59
328.887,258.421
759.352,549.859
701.293,185.279
75.0177,395.293
80.4381,935.498
487.536,944.846
359.431,760.737
813.906,429.186
382.76,85.3738
798.275,95.1144
698.929,473.765
661.471,231.492
840.625,755.677
70.6446,232.377
963.92,550.964
343.425,482.112
47.9222,522.268
911.055,372.161
439.846,378.512
631.219,802.163
406.921,725.846
896.155,913.28
890.959,416.028
755.086,730.027
708.729,886.572
562.021,340.808
748.884,945.785
159.836,699.119
695.398,661.361
830.652,568.469
632.541,928.097
932.187,774.268
646.121,733.577
141.686,612.473
237.997,185.673
C,367.535,672.32
C,278.08,946.222
C,364.695,76.2363
C,382.473,68.4268
