width, 1000
height, 1000
dim, 2
point-count, 1000
607.482512, 115.674398
619.107127, 99.514795
604.366949, 102.696078
596.667346, 91.639065
593.683884, 108.040415
599.145823, 82.689343
587.634465, 96.834327
584.112285, 122.532604
608.636916, 97.177749
605.745145, 93.079029
574.213735, 129.876446
595.442499, 87.342700
613.361346, 94.350499
601.301956, 103.101602
593.368762, 96.677782
602.644549, 100.160175
598.489848, 104.267364
612.711999, 87.651635
583.608145, 98.349033
599.917831, 89.364318
593.300985, 89.316360
603.185879, 96.470650
581.325205, 102.495951
600.322835, 87.609749
592.186415, 89.036350
609.515432, 100.835122
612.516904, 103.919362
589.591223, 109.700082
613.692006, 106.792803
601.989674, 117.602032
597.670067, 103.066332
594.792055, 100.636544
597.521304, 118.274889
598.424340, 102.209913
606.483272, 103.764524
607.573008, 100.191870
595.302565, 99.487140
598.587181, 84.165837
601.714770, 104.150494
609.806270, 126.745166
585.578770, 87.418284
600.954079, 96.439857
604.794087, 99.802581
587.038914, 119.723663
609.395593, 103.317319
604.443577, 116.740150
603.709478, 119.328721
600.324853, 110.927272
611.031126, 127.722181
602.700256, 97.955061
602.509467, 105.455982
609.953890, 99.045992
606.233542, 110.626418
588.088640, 90.284668
596.543991, 89.261424
592.434631, 99.324427
611.290200, 101.814457
601.681899, 89.777597
598.251895, 100.510180
598.197605, 99.746269
599.832927, 109.002654
599.908155, 101.340663
594.895882, 115.453129
600.704515, 92.248005
599.639923, 101.293333
614.621806, 99.221537
600.451982, 100.198600
612.336607, 119.426710
590.684594, 101.468420
601.136971, 91.223225
598.561826, 103.977840
603.874073, 106.871828
608.819144, 114.459001
592.568715, 99.067496
601.446389, 85.192272
612.256854, 87.468645
616.881820, 117.680879
591.632800, 115.407238
593.317876, 104.013814
601.925526, 100.642420
599.446060, 92.202525
597.687078, 92.437167
609.835338, 106.139421
600.207402, 84.504580
603.063797, 101.331717
593.274618, 88.037483
604.599830, 104.873013
589.488630, 98.731044
615.730958, 98.732857
602.465993, 86.861799
599.227249, 114.429059
599.742929, 97.939211
601.383417, 102.278473
603.232813, 81.154479
607.069182, 101.553684
589.309271, 105.279671
606.693515, 110.413046
606.204459, 97.081150
605.637938, 101.040903
617.971402, 110.429347
606.007614, 79.875540
595.076051, 95.203706
591.250371, 85.904655
592.926911, 112.712916
579.685625, 107.345684
605.369362, 83.633740
580.076897, 110.530105
588.141696, 88.196770
598.612959, 85.049193
590.118353, 107.362327
621.809421, 105.812496
601.451021, 98.671714
603.944189, 101.885187
588.744893, 87.399699
602.373027, 98.082499
606.408540, 100.306664
607.702973, 88.661253
593.468560, 103.063723
601.207477, 98.038992
595.695145, 105.222064
601.384159, 119.715267
608.162380, 96.053738
608.779305, 90.637865
589.604768, 109.128384
610.934321, 109.187447
594.291700, 97.431642
593.112981, 112.451866
605.764455, 89.958855
579.380012, 115.202299
596.106409, 95.234771
621.342879, 101.104929
586.432565, 102.642046
611.682245, 104.970007
593.737303, 86.873293
602.090200, 98.118098
602.894650, 105.801682
599.913953, 122.271168
607.793748, 115.854531
610.711909, 92.295678
583.028337, 99.005527
595.659787, 126.892105
608.477131, 71.299589
607.807564, 100.209275
608.232210, 106.891674
591.133300, 95.991226
607.401407, 93.492900
595.956342, 86.989110
597.632242, 107.409079
609.825637, 87.578069
618.723890, 102.829459
598.714673, 111.122465
605.557393, 118.554563
611.345638, 104.279468
568.134249, 92.354421
615.756257, 104.577782
592.586550, 77.743851
607.867515, 107.216927
616.754650, 99.116085
601.780584, 86.619344
597.014180, 90.799074
1.887606, 441.211793
33.756291, 441.735930
14.282182, 435.079554
43.499311, 463.459629
6.092551, 454.113473
25.820590, 457.140197
29.347069, 451.723589
28.223707, 444.386869
28.432573, 450.137813
23.562550, 430.264617
24.964477, 451.281218
27.100620, 458.903787
14.974997, 462.088768
29.294699, 446.649670
21.455781, 434.569270
25.981820, 460.236419
25.125716, 450.687063
12.861009, 457.035491
7.926291, 432.338703
27.444747, 460.978492
19.408552, 452.870550
21.899566, 447.510874
28.995056, 463.140679
36.598287, 446.620968
14.637640, 461.738782
15.882146, 450.473937
30.375310, 449.141249
13.311849, 430.403582
38.398979, 438.230330
23.293175, 442.282510
26.939382, 463.969991
13.936712, 461.769407
28.798591, 453.608554
8.812769, 458.104427
8.299346, 452.535985
24.793077, 460.073684
37.687476, 435.981064
13.295848, 464.061695
17.626048, 463.167231
22.508678, 443.333722
9.800660, 434.500878
26.526266, 462.735300
37.049210, 478.466548
19.832151, 448.032844
28.210253, 452.306091
9.008618, 470.491945
21.472930, 448.218446
27.618993, 442.178713
34.266757, 454.959828
40.061726, 468.341291
26.582637, 453.447465
10.808733, 454.751292
10.453718, 451.610510
24.675057, 447.361966
26.287720, 469.616714
20.508300, 454.278949
26.233659, 442.576190
17.669115, 446.799413
17.407689, 441.026387
36.599457, 453.756366
33.554534, 455.705208
24.292660, 449.523852
14.889214, 426.261793
29.935396, 447.055214
15.864423, 457.309178
21.956986, 453.865228
28.423031, 446.027032
12.256388, 454.747501
19.940455, 461.520173
8.100359, 447.318443
8.620717, 442.367490
34.586635, 438.482277
37.525697, 457.772444
19.842361, 451.080149
29.054120, 458.080076
28.787869, 466.280688
19.306164, 442.227634
35.859274, 456.656865
23.024565, 449.838496
7.625020, 472.417428
2.283773, 448.327487
39.238036, 442.719832
26.962840, 449.738316
24.198703, 454.828233
17.957446, 464.065785
10.389121, 446.899000
36.037269, 437.268246
37.390786, 454.773567
28.057850, 453.678757
16.657720, 442.248085
17.748981, 465.056409
20.620512, 456.028732
7.264048, 437.413215
14.416766, 460.985168
31.695489, 454.791991
2.831014, 426.691602
8.055105, 452.515563
17.705188, 438.035624
19.814211, 448.086640
20.833677, 450.263801
23.609217, 443.726834
17.821219, 454.646240
26.448293, 456.727567
8.742162, 442.511572
21.046804, 444.365308
18.300805, 450.036981
26.444923, 468.921977
37.067139, 470.186435
31.424486, 443.924894
27.780414, 450.578029
19.393826, 457.434184
21.159295, 462.480868
19.413810, 445.373310
15.065062, 462.131519
4.812134, 457.648966
7.336758, 452.429035
25.587090, 436.318391
27.314984, 451.598610
22.634588, 453.099905
21.948573, 453.037221
28.828683, 443.279287
11.964261, 440.010178
8.704221, 456.722058
36.152666, 466.042121
37.423498, 437.228869
34.642267, 463.580696
32.431801, 458.252270
25.851753, 451.315194
15.969597, 466.436951
36.822052, 454.195104
22.305470, 447.880059
24.060934, 460.641159
41.810579, 448.406622
31.608505, 448.181476
17.661795, 442.188044
25.023625, 441.903156
32.163954, 457.787794
23.885456, 444.970799
8.192332, 439.328404
40.167716, 459.528907
26.658875, 456.352932
20.889054, 455.999145
23.103983, 470.818849
22.902021, 458.484887
20.328880, 436.802448
10.134252, 459.085583
32.068067, 447.094529
15.753816, 441.570857
28.700106, 452.708036
5.779322, 438.647151
22.358479, 419.020098
16.011104, 457.286514
17.436503, 450.606916
18.807242, 454.801924
27.004070, 441.583616
23.725625, 462.509552
17.564340, 452.369755
96.074747, 605.969461
86.204641, 610.735932
99.754752, 587.249484
111.710821, 604.034574
106.244974, 618.033565
87.096693, 605.898873
84.978610, 602.184385
109.004796, 587.389491
115.728117, 602.082189
78.712084, 597.051982
92.499512, 590.982546
101.529300, 606.805320
89.705629, 606.358084
91.898398, 583.022876
112.499797, 620.627536
82.663565, 582.389511
86.160542, 587.074606
89.990709, 607.462751
74.840628, 597.781985
86.933414, 600.181061
85.948377, 610.803523
77.512751, 619.714960
111.119274, 592.510967
95.505037, 590.758228
103.319106, 589.730758
92.953292, 583.627465
105.554834, 605.958205
80.135296, 593.589555
90.776084, 622.035052
87.359872, 603.668292
83.930180, 603.178119
108.846487, 595.889026
63.537854, 606.741038
105.141051, 610.035199
96.588164, 598.895704
76.743352, 605.982803
88.891151, 604.758736
99.184180, 595.460889
102.621628, 604.041574
91.701601, 591.987226
58.936309, 578.193021
76.809675, 597.150686
85.804896, 606.138241
84.652781, 601.282421
87.852039, 607.020908
87.511785, 605.829925
98.692914, 596.624950
90.628788, 595.579912
89.933589, 607.174188
91.910470, 593.271707
92.993760, 579.052755
85.236147, 613.024920
84.249813, 599.489697
94.493365, 606.150806
69.995800, 602.292030
107.031599, 612.967985
97.413898, 607.059244
101.275670, 610.816748
96.606863, 614.099298
97.696564, 603.396948
99.542428, 599.310792
79.809338, 607.139810
87.344212, 611.085536
79.016958, 591.176977
97.706741, 592.649949
89.010614, 600.119584
86.957694, 611.865996
102.751801, 609.222860
94.246130, 585.179671
88.921649, 609.088695
71.289131, 607.844233
88.156343, 595.130990
67.889194, 572.632389
100.560481, 605.404754
92.648983, 600.289513
93.484225, 602.771684
77.529008, 587.076302
91.049935, 583.168965
82.515779, 615.203027
76.118566, 592.285645
79.584005, 590.106842
97.990019, 597.876238
89.400639, 590.079136
92.839658, 594.889240
102.443680, 596.760515
94.222198, 594.545910
97.020014, 602.709511
104.179647, 596.292704
111.360158, 599.660516
81.997024, 600.587054
95.293881, 609.303341
102.377464, 601.310733
85.312303, 604.870739
89.147141, 593.435407
104.522759, 598.462769
89.066321, 587.943286
102.809664, 614.230770
90.375266, 589.524841
78.193312, 600.550440
85.564312, 604.421237
96.307540, 609.396879
86.259659, 608.955251
85.359887, 586.378398
89.078925, 606.656283
86.062593, 590.766275
96.826666, 617.069362
79.341902, 612.379693
85.331796, 598.852843
98.911977, 604.082274
99.039619, 597.259108
81.573011, 612.651040
96.783625, 597.929029
85.337579, 605.314348
75.912302, 598.299519
79.827411, 593.113611
94.348399, 618.662611
83.673101, 609.560603
90.344315, 591.531106
109.304273, 603.500126
83.027996, 607.307700
101.651117, 593.220362
87.679631, 585.742924
86.202125, 586.497300
79.435194, 611.203961
75.515167, 612.449854
80.128385, 606.129733
81.278851, 610.159761
89.460964, 602.122695
91.235925, 592.272168
98.712169, 614.849688
97.939954, 610.939796
95.316311, 611.974410
93.396213, 607.185502
86.167791, 614.596821
104.406100, 590.986028
106.067914, 616.150323
88.119829, 602.512303
88.900966, 610.485591
87.813139, 604.104143
91.040593, 589.348389
90.185904, 608.275145
101.175540, 597.339802
96.131720, 602.803226
88.755168, 587.239748
75.840389, 601.942225
83.818167, 600.656741
75.159230, 611.590746
74.265345, 591.847047
74.965485, 604.899764
93.073523, 625.218527
108.530738, 603.788206
99.103101, 596.943655
92.798239, 601.833718
80.768626, 605.364779
82.903117, 593.840181
82.482382, 595.054694
102.642722, 602.630849
88.225994, 595.827946
84.856748, 604.772881
92.272869, 583.632990
619.126802, 612.477613
629.769664, 614.643595
614.174729, 619.601396
631.348512, 608.123233
612.970426, 597.638866
616.416048, 612.210819
599.981253, 620.858780
629.061857, 622.387938
620.493933, 609.725846
624.775490, 606.167947
625.089593, 604.271428
623.195232, 613.897623
626.543001, 600.332938
614.956805, 597.236765
616.757650, 616.170907
622.736085, 618.051516
615.327915, 599.702250
620.703644, 595.529942
624.262624, 628.681361
634.404538, 611.130488
634.555960, 629.375086
626.658172, 612.646490
612.105045, 613.787080
629.469930, 612.686888
629.362815, 595.657000
609.169607, 601.843113
626.699064, 604.827141
625.801464, 607.796130
616.690586, 616.511862
603.801754, 607.851645
619.984223, 603.327154
623.989844, 627.694887
620.643412, 614.417854
621.385461, 615.622889
613.359929, 603.372908
626.424531, 599.591237
631.257849, 623.628973
611.738356, 625.490458
623.235544, 615.705279
619.148753, 622.379224
623.441065, 601.679497
620.466270, 609.002870
621.607490, 603.214731
619.962207, 618.891776
609.942835, 623.396699
594.906506, 608.040271
609.652924, 615.366539
610.472140, 628.745143
618.571176, 615.017678
623.899195, 603.553561
621.638683, 627.589764
607.408365, 609.158025
625.198174, 624.080603
611.092959, 618.473438
631.152330, 593.306030
611.302585, 625.912669
641.358575, 609.941382
619.429820, 607.724138
625.525398, 597.661661
624.347412, 606.795529
618.363313, 601.932567
626.890362, 604.144615
615.451108, 617.288597
622.776713, 594.191537
630.964748, 614.755315
620.575579, 630.437245
628.241546, 597.533788
630.499767, 616.727900
633.794085, 617.356555
613.018071, 606.954740
618.929990, 602.048960
632.384231, 626.471906
624.320755, 608.415456
624.351032, 616.310894
619.513225, 610.014761
625.044338, 603.324357
623.208041, 627.389566
622.164681, 620.048243
626.591854, 607.876866
625.950908, 616.653261
631.254100, 606.040072
618.022737, 612.259316
625.463831, 596.415876
612.586837, 604.218115
612.739134, 633.790533
608.861618, 614.825961
620.870821, 602.943790
620.104059, 616.169732
612.925424, 602.844533
599.626410, 612.430466
614.076655, 597.783877
612.331075, 595.811517
613.673500, 619.129538
632.139237, 593.392782
616.959731, 621.988014
616.969436, 612.348304
614.870479, 615.807094
615.534058, 619.587890
620.332230, 624.131810
616.935436, 608.409760
625.239623, 593.912187
621.577543, 615.658970
614.916185, 614.344535
625.269248, 595.010737
623.511426, 611.954663
620.304148, 613.774659
618.135248, 620.311421
621.940374, 598.658495
647.098300, 622.152494
624.651797, 612.912471
613.478379, 611.456406
627.374342, 617.390368
618.790905, 617.813729
623.050353, 624.123859
613.261483, 620.395197
614.659451, 622.600518
632.407277, 619.437714
606.908931, 621.892800
616.905100, 607.983273
615.377928, 616.862187
614.658852, 594.398335
615.489942, 622.685272
604.010714, 621.313606
649.493281, 609.010980
632.163724, 612.869213
618.759559, 602.114964
626.952322, 610.074834
605.984793, 609.079720
632.165268, 599.370365
629.416703, 612.808615
613.765364, 623.292786
612.827290, 615.033706
616.289606, 616.055364
617.930098, 612.826707
641.537740, 611.183614
617.554035, 599.488987
636.965324, 599.121854
630.703717, 611.515125
608.993734, 607.088591
591.519951, 630.179870
619.059884, 597.254362
637.017483, 606.179395
618.010725, 600.445166
642.703856, 619.232766
627.449376, 614.143906
624.659087, 601.785268
626.074261, 617.317111
623.287231, 610.157714
622.930456, 597.605497
621.542996, 601.955667
615.349783, 597.508757
592.491954, 604.090831
598.033943, 608.400511
623.431830, 600.719532
628.510060, 632.766952
629.890212, 614.938359
610.044469, 594.478979
620.546414, 622.715594
626.660483, 612.348241
621.862764, 607.909739
36.754884, 659.647977
22.963508, 638.527253
52.584854, 619.660220
56.966767, 650.343636
24.614252, 624.171356
54.092031, 630.965596
38.987800, 648.954519
30.326261, 655.475848
47.547442, 637.442945
46.048454, 615.117019
29.703626, 629.784109
42.354210, 642.657121
45.912751, 623.116025
52.140835, 643.807177
48.948182, 623.474579
44.504692, 643.372848
40.932878, 633.792150
48.524030, 645.945252
56.694863, 639.197677
41.917173, 645.701626
38.210699, 632.486529
35.776512, 626.813552
28.143756, 640.729559
45.088707, 638.224992
34.569067, 617.302419
39.142460, 658.681634
63.679541, 648.906363
40.976991, 639.371381
36.415919, 645.083801
36.533030, 650.542614
39.164777, 633.320737
51.684193, 633.804942
26.132702, 646.069347
53.960141, 624.802640
39.958164, 633.187083
42.401239, 625.304053
49.941421, 621.643674
38.484403, 631.736247
45.163109, 631.316581
58.003874, 644.714080
40.710659, 630.140810
48.772143, 642.807688
47.652060, 639.577769
51.788096, 647.932272
50.083172, 619.796650
54.385943, 634.677107
42.873511, 631.777434
43.025223, 635.739753
47.090174, 617.428254
43.155795, 651.265004
41.592097, 628.921628
53.813238, 633.176871
35.425130, 650.063061
54.711260, 635.778874
34.519350, 649.441700
51.432470, 652.796419
45.681134, 631.771307
39.564387, 643.565933
30.180751, 639.024287
54.276114, 634.288920
38.313347, 645.789667
51.173556, 618.002089
33.420721, 641.784921
45.046715, 638.283727
47.315629, 644.805728
55.862698, 639.280213
48.375508, 647.880037
38.191047, 630.775861
40.911124, 648.381691
38.054956, 640.410907
27.117590, 642.308401
38.699519, 624.963049
49.007686, 632.326303
42.517114, 636.870419
66.638631, 636.975180
35.777760, 632.900413
42.863353, 640.382652
43.031772, 629.679398
28.489103, 624.566508
32.759252, 623.276794
40.275625, 638.672867
39.580542, 652.385668
42.229827, 634.870004
49.753145, 646.678837
53.384382, 626.351720
59.053370, 634.025054
54.704149, 650.655565
33.931631, 631.859316
50.619275, 647.053199
59.849084, 644.778729
33.871187, 636.833129
53.325311, 641.540373
48.774060, 636.739241
50.774074, 644.853108
33.395872, 636.882276
56.818749, 653.223659
57.706763, 644.738560
50.605373, 649.939280
38.563178, 655.114112
38.313683, 630.383610
35.735911, 640.270559
44.949014, 645.683616
55.042767, 655.145197
44.870057, 652.472373
49.758293, 648.359009
41.747972, 620.979876
37.976901, 613.296153
47.036837, 640.125619
55.908247, 625.403113
31.554962, 621.682406
40.162202, 636.530238
44.320069, 634.008080
29.028805, 640.848870
27.921237, 629.804399
68.187892, 661.179365
59.626341, 646.777792
42.992655, 626.732504
47.356478, 633.702846
59.420037, 645.945657
36.856096, 635.288073
43.262261, 635.430615
36.232719, 636.861327
38.540095, 632.971894
52.034746, 647.537279
41.593659, 637.136294
53.329534, 636.434800
39.712164, 626.332806
42.609169, 639.003605
52.876314, 636.297517
49.263385, 628.536140
51.866025, 636.356357
48.688261, 622.516973
39.278899, 635.885622
44.200762, 628.460818
38.207413, 630.751067
32.028069, 636.092487
36.237128, 627.693278
48.698070, 643.698452
35.576987, 654.408666
36.748191, 633.979190
53.325684, 639.026543
36.966617, 641.470297
42.649969, 620.982802
41.607525, 642.907182
37.360353, 644.369966
34.531904, 631.832027
26.821295, 634.721433
44.451826, 640.221757
60.043252, 643.559753
35.993323, 630.121806
41.682106, 630.394293
54.403000, 630.795098
37.457961, 643.004015
42.326625, 631.994211
40.450368, 622.147030
36.749688, 628.743624
55.895560, 621.002765
35.547975, 623.304429
46.248852, 644.138775
41.349311, 649.643838
117.947448, 175.598375
796.833234, 479.709385
23.832934, 621.658220
549.105144, 543.737752
991.173793, 26.599151
358.450253, 165.417843
489.169715, 959.600466
647.995700, 152.551652
146.961729, 71.967294
440.941514, 890.214917
799.617165, 143.851100
357.048712, 438.855966
118.449318, 225.035200
608.646031, 907.225865
280.536759, 788.294724
958.876784, 582.009555
893.536792, 114.316225
906.326734, 502.242619
351.141788, 66.267350
217.722048, 570.682969
989.183993, 663.643013
184.419607, 824.642993
997.663525, 641.957716
112.729607, 495.829233
338.359402, 631.014033
608.435114, 93.867115
212.953044, 988.633931
221.044118, 558.737673
188.256903, 811.582708
422.729134, 163.576471
805.385740, 815.329755
348.460855, 655.275346
415.606257, 315.863089
535.813761, 190.277584
677.338570, 858.217302
450.548303, 395.414566
60.328958, 35.905923
522.902233, 442.982650
373.242194, 151.792640
880.565934, 367.812236
907.481661, 853.068059
424.731699, 931.932836
896.738115, 661.961617
516.667458, 45.288908
305.568079, 799.804207
366.378100, 602.827361
454.855977, 505.190476
449.326746, 757.444937
489.974738, 61.178715
776.941532, 843.848199
690.377107, 922.403464
27.477061, 441.518437
61.501659, 559.206651
764.888972, 449.442569
325.004172, 116.668142
185.149203, 217.937347
91.616078, 412.017957
202.811870, 161.779661
781.336577, 689.597906
767.693296, 733.263649
949.486257, 483.187428
473.942667, 881.576730
472.950925, 636.516666
656.291789, 240.701345
612.210423, 504.895305
980.557346, 114.377180
627.191982, 395.879371
410.716693, 525.659344
595.327365, 918.506762
743.335815, 565.570821
565.310812, 313.508959
411.454880, 815.779164
492.406553, 954.884587
446.275741, 776.188301
256.432693, 957.621919
116.941542, 211.595331
373.491020, 561.285476
769.173570, 807.176504
922.484361, 945.629074
837.208506, 741.443061
959.234133, 660.085165
701.517199, 801.010771
433.832265, 8.475835
179.340235, 754.337977
539.044875, 891.221034
295.045751, 301.440516
752.148848, 427.984558
150.407586, 383.507527
151.353113, 714.172692
736.390873, 114.465757
315.736141, 107.483319
916.460035, 954.065975
198.723710, 729.872685
173.626180, 873.685761
380.454612, 643.074858
286.111900, 470.466169
165.962659, 479.679841
728.719088, 6.377069
703.482524, 5.229381
966.553369, 88.467333
526.929994, 195.858268
600.219017, 859.226019
412.432530, 268.164834
601.059044, 289.049003
602.570042, 299.903579
823.680347, 783.322533
378.121682, 231.769555
782.953595, 785.570519
753.909048, 374.515426
571.831962, 816.014489
59.075530, 648.432366
904.179030, 25.743190
223.289180, 718.417550
796.801202, 534.756201
943.164725, 597.008032
200.226919, 856.519666
778.537906, 6.046639
312.713059, 159.719920
64.052323, 101.828683
648.613049, 226.520711
43.400976, 677.537450
648.215248, 589.923628
149.602762, 31.061033
192.198807, 575.498655
195.092139, 13.707952
847.938936, 276.920702
386.738492, 183.451973
272.059600, 763.443501
513.217893, 315.064348
77.595268, 165.065470
815.228110, 862.957448
416.581966, 792.231685
946.477763, 792.392431
86.678535, 962.600581
619.967719, 932.923333
672.453532, 476.405500
320.403288, 899.705920
850.831899, 844.610468
244.410189, 606.728761
178.499038, 245.200917
944.232670, 44.949199
740.806875, 653.446123
448.341338, 52.567650
380.052533, 106.603805
140.570435, 350.751175
203.288241, 323.999192
217.936726, 787.854906
291.277175, 101.376548
536.641294, 760.540032
815.935516, 868.559839
520.841216, 819.357920
668.957168, 219.497178
619.412687, 895.995574
551.339763, 238.500990
537.984268, 22.446396
615.281724, 75.698118
396.077473, 188.708273
507.140490, 522.072332
190.167980, 94.604250
31.360063, 264.698240
877.870451, 52.485620
356.760360, 843.895048
615.021124, 806.174219
136.379614, 722.539107
795.741785, 668.088160
95.471892, 792.335716
826.625061, 408.133058
132.832754, 871.104116
538.210660, 750.375828
525.491548, 442.794481
493.712177, 375.406364
138.266047, 827.982860
90.563403, 332.648308
950.835658, 521.560166
418.510421, 607.048197
204.908052, 238.559386
226.125041, 876.733259
806.647045, 279.216080
689.354570, 522.851272
400.194280, 193.424873
336.888167, 869.040843
241.874459, 956.561205
367.254179, 979.886606
322.650543, 737.024607
678.453569, 645.700894
220.791751, 542.848867
466.501739, 742.449480
619.952112, 962.489817
317.164639, 363.178501
932.732128, 45.881170
597.756940, 167.484051
796.871658, 445.005487
558.038057, 865.932236
197.432135, 650.335560
918.455241, 323.776422
617.660243, 349.584425
563.867474, 99.729905
668.223435, 877.605546
538.632623, 830.128484
857.237400, 198.017413
1.525249, 586.674391
467.104616, 785.521971
122.537177, 282.221391
